%YAML:1.0
---
calibration_time: "mié 22 nov 2017 09:10:31 CET"
nframes: 20
image_width: 640
image_height: 480
board_width: 9
board_height: 6
square_size: 26.
flags: 0
camera_matrix: !!opencv-matrix
   rows: 3
   cols: 3
   dt: d
   data: [ 7.3137257937739332e+02, 0., 3.2235647387552422e+02, 0.,
       7.3423757205576192e+02, 2.4630430666269825e+02, 0., 0., 1. ]
distortion_coefficients: !!opencv-matrix
   rows: 5
   cols: 1
   dt: d
   data: [ -7.3104604105914128e-02, 5.0646907582979650e-01,
       2.4443957708413687e-04, 7.4556540195940392e-04,
       -1.0762308065763191e+00 ]
avg_reprojection_error: 2.2079230856478257e-01
per_view_reprojection_errors: !!opencv-matrix
   rows: 20
   cols: 1
   dt: f
   data: [ 4.30851847e-01, 4.39029723e-01, 1.93026856e-01,
       1.73858643e-01, 2.41178438e-01, 2.67089844e-01, 1.50861338e-01,
       1.43118501e-01, 1.67529538e-01, 2.89067090e-01, 2.72476435e-01,
       2.01590076e-01, 1.26858234e-01, 1.28828898e-01, 1.23728432e-01,
       1.35652333e-01, 1.30152270e-01, 1.26324058e-01, 1.28805190e-01,
       1.18219852e-01 ]
# a set of 6-tuples (rotation vector + translation vector) for each view
extrinsic_parameters: !!opencv-matrix
   rows: 20
   cols: 6
   dt: d
   data: [ -3.5458248534708398e-01, 4.4305090507139022e-01,
       -3.0563665674519815e+00, 1.7710740985236677e+02,
       1.7425692946907711e+02, 6.2072648646061998e+02,
       -4.1027327329681162e-01, 2.0244603517808651e-01,
       -3.0175235152196227e+00, 1.7437298911731142e+02,
       1.5222764074408229e+02, 5.9472459752121961e+02,
       -2.4070609262485770e-01, 5.3936980758606878e-01,
       -2.9761443594151378e+00, 1.6750353728012240e+02,
       9.9725688027073133e+01, 6.1098634742944512e+02,
       -1.2978508470894023e-01, 1.1114633421429876e-01,
       -2.8789559891147896e+00, 1.7519330795693736e+02,
       -1.9305809894682476e+01, 6.4066774487641260e+02,
       -1.2768538258453097e-01, 1.3398244504898715e-01,
       -2.9461172668305005e+00, 1.8248863808850209e+02,
       1.9609962706276342e+01, 6.4625838976948501e+02,
       -9.9708510240967607e-02, 1.9251559250371958e-01,
       -2.9343314251196606e+00, 1.4495076173454083e+02,
       2.5099554040936138e+01, 6.8445928799478850e+02,
       -3.3876159406627956e-02, 2.5634416447795122e-01,
       -2.9231571693653962e+00, 7.3564908095735063e+01,
       2.9698858115097714e+01, 6.9763834162031071e+02,
       -1.2593643531704654e-01, 1.8212364743378284e-01,
       -3.0917037781130627e+00, 6.3924571130904305e+01,
       3.1388032524556454e+01, 6.7787576209412452e+02,
       -1.0992926174695181e-01, 2.2062469154894090e-01,
       -3.0465974639584714e+00, -1.4643961869871122e+01,
       3.5705228152001233e+01, 6.8686828740622605e+02,
       -1.0344802029719297e-01, 1.6387731572220407e-01,
       -3.0588596624030910e+00, 2.1602136767231951e+01,
       8.9497641942733523e+01, 6.8039755720139863e+02,
       -2.9598250960279800e-02, 1.1244450853593907e-01,
       -3.0475286554364942e+00, 1.5741469916271376e+02,
       1.2631391629595461e+02, 6.9842989777782361e+02,
       -7.7795901385913413e-02, 1.5179947000520990e-02,
       -3.0846758142704909e+00, 1.3547846483856935e+02,
       1.5714481850264360e+02, 7.7797429589033698e+02,
       -2.5521780677456524e-01, 1.5686086758061848e-01,
       -3.1148535839449503e+00, 1.4442435291233019e+02,
       2.2532791553672305e+02, 7.9756802585576281e+02,
       -2.1053634033945953e-01, 1.7706740608195606e-01,
       -3.1023034424712712e+00, 5.1582838440498826e+01,
       2.2934177688020870e+02, 8.2397239590596757e+02,
       -2.6401020602998154e-01, 1.6648963512212564e-01,
       -3.0921957179365558e+00, -1.5440482564855827e+01,
       2.2771426870164709e+02, 8.6549570007379396e+02,
       -4.9912185438328482e-01, 2.0062312196191948e-01,
       -3.0733266711839975e+00, -2.9114478760441202e+01,
       2.3379226975743353e+02, 8.9152000488232932e+02,
       -4.3439855803743360e-01, 1.0929774195364664e-01,
       -3.0786064749506350e+00, -5.7859149725671841e+01,
       2.2688673400249215e+02, 9.3872170376722624e+02,
       1.4064154658076314e-01, -1.5199126884873201e-01,
       3.1237734509055080e+00, -1.1464889699620950e+02,
       2.3129172543990148e+02, 9.8502029533124403e+02,
       -1.8271099283516190e-01, 2.0621686491206889e-01,
       -3.0832360755525996e+00, -1.3603265807216027e+02,
       1.9943180946395933e+02, 9.8197802012401075e+02,
       -1.3389585017101177e-01, 2.0871628131015074e-01,
       -2.9332242973414004e+00, -5.6728282427017369e+01,
       9.9687125716585943e+00, 9.6761584279778072e+02 ]
